   1.0000000e+00
   1.0000000e+00
   1.0000000e+00
   1.0000000e+00
   1.0000000e+00
   1.0000000e+00
   1.0000000e+00
   1.0000000e+00
   1.0000000e+00
   1.0000000e+00
   1.0000000e+00
   1.0000000e+00
   1.0000000e+00
   1.0000000e+00
   1.0000000e+00
   1.0000000e+00
   1.3378578e-01
   4.7799497e-01
   2.7242756e+01
   4.9250233e+00
   8.7222376e+00
   5.6636197e+01
   2.1802500e-01
   5.7488524e-03
   1.3623493e+01
   4.7630571e-02
  -7.0680874e+00
   1.2456641e-02
  -2.5994458e+01
   3.7342633e+01
   2.2091964e+01
   5.0000000e+01
   0.0000000e+00
   7.7000000e-03
   1.1655845e-03
   6.6726839e+04
   2.8045891e-01
  -1.8866972e+01
   4.7411500e-06
   1.1783333e-01
   5.5361418e-02
   1.1684202e+01
   3.9891811e+00
  -1.1047139e+01
   3.4423094e-04
  -1.7634472e+01
   1.8676054e+02
   8.1809339e+00
   6.9675842e-01
   1.1224458e+01
   3.0802769e-01
   1.2966294e+01
   7.0791460e+00
   4.4909416e-02
  -6.9098804e+00
   5.1258983e-04
  -4.9505712e+01
   1.9312112e+03
   5.7300275e+00
   1.6582469e+00
   1.0046256e+02
   1.8500000e-01
   9.7206134e+00
   1.0804585e+02
   1.3107016e+01
   2.3269144e-03
  -7.9177263e+00
   3.6265989e-03
  -1.9839359e+01
   9.6632950e+03
   7.3955036e+00
   5.1225718e-04
  -6.6583756e+01
   3.1977580e-02
   1.6733150e-01
   9.5108872e-01
   4.3500000e-02
   5.7897000e-07
  -1.4589712e+01
   2.0086650e+04
   1.0202353e+01
   2.3945291e+01
   0.0000000e+00
   0.0000000e+00
   0.0000000e+00
   0.0000000e+00
   0.0000000e+00
